8.96800e+02 6.95650825e+02
9.39748e+02 6.99427574e+02
9.82697e+02 7.03203933e+02
1.02565e+03 7.06979894e+02
1.06859e+03 7.10755452e+02
1.11154e+03 7.14530608e+02
1.15449e+03 7.18305364e+02
1.19744e+03 7.22079731e+02
1.24039e+03 7.25853721e+02
1.28334e+03 7.29627348e+02
1.32628e+03 7.33400631e+02
1.36923e+03 7.37173589e+02
1.41218e+03 7.40946243e+02
1.45513e+03 7.44718614e+02
1.49808e+03 7.48490724e+02
1.54103e+03 7.52262591e+02
1.58398e+03 7.56034237e+02
1.62692e+03 7.59805679e+02
1.66987e+03 7.63576934e+02
1.71282e+03 7.67348020e+02
1.75577e+03 7.71118950e+02
1.79872e+03 7.74889738e+02
1.84167e+03 7.78660396e+02
1.88461e+03 7.82430936e+02
1.92756e+03 7.86201369e+02
1.97051e+03 7.89971702e+02
2.01346e+03 7.93741945e+02
2.05641e+03 7.97512106e+02
2.09936e+03 8.01282190e+02
2.14230e+03 8.05052205e+02
2.18525e+03 8.08822155e+02
2.22820e+03 8.12592046e+02
2.27115e+03 8.16361883e+02
2.31410e+03 8.20131670e+02
2.35705e+03 8.23901410e+02
2.40000e+03 8.27671108e+02
2.44294e+03 8.31440765e+02
2.48589e+03 8.35210385e+02
2.52884e+03 8.38979971e+02
2.57179e+03 8.42749525e+02
2.61474e+03 8.46519049e+02
2.65769e+03 8.50288545e+02
2.70063e+03 8.54058015e+02
2.74358e+03 8.57827460e+02
2.78653e+03 8.61596883e+02
2.82948e+03 8.65366284e+02
2.87243e+03 8.69135665e+02
2.91538e+03 8.72905027e+02
2.95833e+03 8.76674372e+02
3.00127e+03 8.80443700e+02
3.04422e+03 8.84213012e+02
3.08717e+03 8.87982309e+02
3.13012e+03 8.91751591e+02
3.17307e+03 8.95520861e+02
3.21602e+03 8.99290118e+02
3.25896e+03 9.03059363e+02
3.30191e+03 9.06828597e+02
3.34486e+03 9.10597820e+02
3.38781e+03 9.14367033e+02
3.43076e+03 9.18136236e+02
3.47371e+03 9.21905430e+02
3.51665e+03 9.25674615e+02
3.55960e+03 9.29443792e+02
3.60255e+03 9.33212960e+02
3.64550e+03 9.36982122e+02
3.68845e+03 9.40751276e+02
3.73140e+03 9.44520423e+02
3.77435e+03 9.48289563e+02
3.81729e+03 9.52058697e+02
3.86024e+03 9.55827825e+02
3.90319e+03 9.59596947e+02
3.94614e+03 9.63366064e+02
3.98909e+03 9.67135175e+02
4.03204e+03 9.70904281e+02
4.07498e+03 9.74673383e+02
4.11793e+03 9.78442479e+02
4.16088e+03 9.82211571e+02
4.20383e+03 9.85980659e+02
4.24678e+03 9.89749743e+02
4.28973e+03 9.93518822e+02
4.33268e+03 9.97287898e+02
4.37562e+03 1.00105697e+03
4.41857e+03 1.00482604e+03
4.46152e+03 1.00859510e+03
4.50447e+03 1.01236416e+03
4.54742e+03 1.01613322e+03
4.59037e+03 1.01990228e+03
4.63331e+03 1.02367133e+03
4.67626e+03 1.02744038e+03
4.71921e+03 1.03120943e+03
4.76216e+03 1.03497847e+03
4.80511e+03 1.03874751e+03
4.84806e+03 1.04251655e+03
4.89101e+03 1.04628559e+03
4.93395e+03 1.05005462e+03
4.97690e+03 1.05382365e+03
5.01985e+03 1.05759268e+03
5.06280e+03 1.06136171e+03
5.10575e+03 1.06513073e+03
5.14870e+03 1.06889975e+03
5.19164e+03 1.07266878e+03
5.23459e+03 1.07643779e+03
5.27754e+03 1.08020681e+03
5.32049e+03 1.08397583e+03
5.36344e+03 1.08774484e+03
5.40639e+03 1.09151385e+03
5.44933e+03 1.09528286e+03
5.49228e+03 1.09905187e+03
5.53523e+03 1.10282088e+03
5.57818e+03 1.10658989e+03
5.62113e+03 1.11035889e+03
5.66408e+03 1.11412789e+03
5.70703e+03 1.11789689e+03
5.74997e+03 1.12166589e+03
5.79292e+03 1.12543489e+03
5.83587e+03 1.12920389e+03
5.87882e+03 1.13297289e+03
5.92177e+03 1.13674188e+03
5.96472e+03 1.14051088e+03
6.00766e+03 1.14427987e+03
6.05061e+03 1.14804886e+03
6.09356e+03 1.15181785e+03
6.13651e+03 1.15558684e+03
6.17946e+03 1.15935583e+03
6.22241e+03 1.16312482e+03
6.26536e+03 1.16689380e+03
6.30830e+03 1.17066279e+03
6.35125e+03 1.17443177e+03
6.39420e+03 1.17820076e+03
6.43715e+03 1.18196974e+03
6.48010e+03 1.18573872e+03
6.52305e+03 1.18950770e+03
6.56599e+03 1.19327668e+03
6.60894e+03 1.19704566e+03
6.65189e+03 1.20081464e+03
6.69484e+03 1.20458362e+03
6.73779e+03 1.20835259e+03
6.78074e+03 1.21212157e+03
6.82369e+03 1.21589054e+03
6.86663e+03 1.21965952e+03
6.90958e+03 1.22342849e+03
6.95253e+03 1.22719747e+03
6.99548e+03 1.23096644e+03
7.03843e+03 1.23473541e+03
7.08138e+03 1.23850438e+03
7.12432e+03 1.24227335e+03
7.16727e+03 1.24604232e+03
7.21022e+03 1.24981129e+03
7.25317e+03 1.25358026e+03
7.29612e+03 1.25734923e+03
7.33907e+03 1.26111820e+03
7.38201e+03 1.26488716e+03
7.42496e+03 1.26865613e+03
7.46791e+03 1.27242510e+03
7.51086e+03 1.27619406e+03
7.55381e+03 1.27996303e+03
7.59676e+03 1.28373199e+03
7.63971e+03 1.28750096e+03
7.68265e+03 1.29126992e+03
7.72560e+03 1.29503888e+03
7.76855e+03 1.29880784e+03
7.81150e+03 1.30257681e+03
7.85445e+03 1.30634577e+03
7.89740e+03 1.31011473e+03
7.94034e+03 1.31388369e+03
7.98329e+03 1.31765265e+03
8.02624e+03 1.32142161e+03
8.06919e+03 1.32519057e+03
8.11214e+03 1.32895953e+03
8.15509e+03 1.33272849e+03
8.19804e+03 1.33649745e+03
8.24098e+03 1.34026640e+03
8.28393e+03 1.34403536e+03
8.32688e+03 1.34780432e+03
8.36983e+03 1.35157328e+03
8.41278e+03 1.35534223e+03
8.45573e+03 1.35911119e+03
8.49867e+03 1.36288014e+03
8.54162e+03 1.36664910e+03
8.58457e+03 1.37041806e+03
8.62752e+03 1.37418701e+03
8.67047e+03 1.37795596e+03
8.71342e+03 1.38172492e+03
8.75636e+03 1.38549387e+03
8.79931e+03 1.38926283e+03
8.84226e+03 1.39303178e+03
8.88521e+03 1.39680073e+03
8.92816e+03 1.40056969e+03
8.97111e+03 1.40433864e+03
9.01406e+03 1.40810759e+03
9.05700e+03 1.41187654e+03
9.09995e+03 1.41564549e+03
9.14290e+03 1.41941444e+03
9.18585e+03 1.42318340e+03
9.22880e+03 1.42695235e+03
9.27175e+03 1.43072130e+03
9.31469e+03 1.43449025e+03
9.35764e+03 1.43825920e+03
9.40059e+03 1.44202815e+03
9.44354e+03 1.44579710e+03
