8.96800e+02 6.95873325e+02
9.39748e+02 6.99647684e+02
9.82697e+02 7.03422432e+02
1.02565e+03 7.07197578e+02
1.06859e+03 7.10973127e+02
1.11154e+03 7.14749079e+02
1.15449e+03 7.18525430e+02
1.19744e+03 7.22302170e+02
1.24039e+03 7.26079288e+02
1.28334e+03 7.29856768e+02
1.32628e+03 7.33634593e+02
1.36923e+03 7.37412742e+02
1.41218e+03 7.41191195e+02
1.45513e+03 7.44969931e+02
1.49808e+03 7.48748929e+02
1.54103e+03 7.52528168e+02
1.58398e+03 7.56307630e+02
1.62692e+03 7.60087296e+02
1.66987e+03 7.63867147e+02
1.71282e+03 7.67647169e+02
1.75577e+03 7.71427347e+02
1.79872e+03 7.75207666e+02
1.84167e+03 7.78988115e+02
1.88461e+03 7.82768682e+02
1.92756e+03 7.86549357e+02
1.97051e+03 7.90330131e+02
2.01346e+03 7.94110995e+02
2.05641e+03 7.97891942e+02
2.09936e+03 8.01672965e+02
2.14230e+03 8.05454057e+02
2.18525e+03 8.09235214e+02
2.22820e+03 8.13016430e+02
2.27115e+03 8.16797700e+02
2.31410e+03 8.20579021e+02
2.35705e+03 8.24360388e+02
2.40000e+03 8.28141798e+02
2.44294e+03 8.31923248e+02
2.48589e+03 8.35704735e+02
2.52884e+03 8.39486256e+02
2.57179e+03 8.43267810e+02
2.61474e+03 8.47049393e+02
2.65769e+03 8.50831004e+02
2.70063e+03 8.54612642e+02
2.74358e+03 8.58394304e+02
2.78653e+03 8.62175988e+02
2.82948e+03 8.65957694e+02
2.87243e+03 8.69739420e+02
2.91538e+03 8.73521165e+02
2.95833e+03 8.77302928e+02
3.00127e+03 8.81084708e+02
3.04422e+03 8.84866503e+02
3.08717e+03 8.88648313e+02
3.13012e+03 8.92430138e+02
3.17307e+03 8.96211976e+02
3.21602e+03 8.99993826e+02
3.25896e+03 9.03775688e+02
3.30191e+03 9.07557562e+02
3.34486e+03 9.11339446e+02
3.38781e+03 9.15121340e+02
3.43076e+03 9.18903244e+02
3.47371e+03 9.22685158e+02
3.51665e+03 9.26467080e+02
3.55960e+03 9.30249010e+02
3.60255e+03 9.34030949e+02
3.64550e+03 9.37812895e+02
3.68845e+03 9.41594848e+02
3.73140e+03 9.45376809e+02
3.77435e+03 9.49158776e+02
3.81729e+03 9.52940749e+02
3.86024e+03 9.56722728e+02
3.90319e+03 9.60504713e+02
3.94614e+03 9.64286704e+02
3.98909e+03 9.68068700e+02
4.03204e+03 9.71850701e+02
4.07498e+03 9.75632707e+02
4.11793e+03 9.79414718e+02
4.16088e+03 9.83196733e+02
4.20383e+03 9.86978752e+02
4.24678e+03 9.90760776e+02
4.28973e+03 9.94542804e+02
4.33268e+03 9.98324836e+02
4.37562e+03 1.00210687e+03
4.41857e+03 1.00588891e+03
4.46152e+03 1.00967095e+03
4.50447e+03 1.01345300e+03
4.54742e+03 1.01723505e+03
4.59037e+03 1.02101710e+03
4.63331e+03 1.02479915e+03
4.67626e+03 1.02858121e+03
4.71921e+03 1.03236327e+03
4.76216e+03 1.03614534e+03
4.80511e+03 1.03992740e+03
4.84806e+03 1.04370947e+03
4.89101e+03 1.04749154e+03
4.93395e+03 1.05127362e+03
4.97690e+03 1.05505569e+03
5.01985e+03 1.05883777e+03
5.06280e+03 1.06261985e+03
5.10575e+03 1.06640193e+03
5.14870e+03 1.07018402e+03
5.19164e+03 1.07396610e+03
5.23459e+03 1.07774819e+03
5.27754e+03 1.08153028e+03
5.32049e+03 1.08531237e+03
5.36344e+03 1.08909447e+03
5.40639e+03 1.09287656e+03
5.44933e+03 1.09665866e+03
5.49228e+03 1.10044076e+03
5.53523e+03 1.10422286e+03
5.57818e+03 1.10800496e+03
5.62113e+03 1.11178706e+03
5.66408e+03 1.11556917e+03
5.70703e+03 1.11935127e+03
5.74997e+03 1.12313338e+03
5.79292e+03 1.12691549e+03
5.83587e+03 1.13069760e+03
5.87882e+03 1.13447971e+03
5.92177e+03 1.13826182e+03
5.96472e+03 1.14204393e+03
6.00766e+03 1.14582605e+03
6.05061e+03 1.14960816e+03
6.09356e+03 1.15339028e+03
6.13651e+03 1.15717240e+03
6.17946e+03 1.16095452e+03
6.22241e+03 1.16473664e+03
6.26536e+03 1.16851876e+03
6.30830e+03 1.17230088e+03
6.35125e+03 1.17608300e+03
6.39420e+03 1.17986513e+03
6.43715e+03 1.18364725e+03
6.48010e+03 1.18742938e+03
6.52305e+03 1.19121150e+03
6.56599e+03 1.19499363e+03
6.60894e+03 1.19877576e+03
6.65189e+03 1.20255789e+03
6.69484e+03 1.20634002e+03
6.73779e+03 1.21012215e+03
6.78074e+03 1.21390428e+03
6.82369e+03 1.21768641e+03
6.86663e+03 1.22146854e+03
6.90958e+03 1.22525068e+03
6.95253e+03 1.22903281e+03
6.99548e+03 1.23281495e+03
7.03843e+03 1.23659708e+03
7.08138e+03 1.24037922e+03
7.12432e+03 1.24416135e+03
7.16727e+03 1.24794349e+03
7.21022e+03 1.25172563e+03
7.25317e+03 1.25550777e+03
7.29612e+03 1.25928991e+03
7.33907e+03 1.26307205e+03
7.38201e+03 1.26685419e+03
7.42496e+03 1.27063633e+03
7.46791e+03 1.27441847e+03
7.51086e+03 1.27820061e+03
7.55381e+03 1.28198275e+03
7.59676e+03 1.28576490e+03
7.63971e+03 1.28954704e+03
7.68265e+03 1.29332918e+03
7.72560e+03 1.29711133e+03
7.76855e+03 1.30089347e+03
7.81150e+03 1.30467562e+03
7.85445e+03 1.30845776e+03
7.89740e+03 1.31223991e+03
7.94034e+03 1.31602205e+03
7.98329e+03 1.31980420e+03
8.02624e+03 1.32358635e+03
8.06919e+03 1.32736850e+03
8.11214e+03 1.33115064e+03
8.15509e+03 1.33493279e+03
8.19804e+03 1.33871494e+03
8.24098e+03 1.34249709e+03
8.28393e+03 1.34627924e+03
8.32688e+03 1.35006139e+03
8.36983e+03 1.35384354e+03
8.41278e+03 1.35762569e+03
8.45573e+03 1.36140784e+03
8.49867e+03 1.36519000e+03
8.54162e+03 1.36897215e+03
8.58457e+03 1.37275430e+03
8.62752e+03 1.37653645e+03
8.67047e+03 1.38031860e+03
8.71342e+03 1.38410076e+03
8.75636e+03 1.38788291e+03
8.79931e+03 1.39166506e+03
8.84226e+03 1.39544722e+03
8.88521e+03 1.39922937e+03
8.92816e+03 1.40301153e+03
8.97111e+03 1.40679368e+03
9.01406e+03 1.41057584e+03
9.05700e+03 1.41435799e+03
9.09995e+03 1.41814015e+03
9.14290e+03 1.42192230e+03
9.18585e+03 1.42570446e+03
9.22880e+03 1.42948662e+03
9.27175e+03 1.43326877e+03
9.31469e+03 1.43705093e+03
9.35764e+03 1.44083309e+03
9.40059e+03 1.44461525e+03
9.44354e+03 1.44839740e+03
